20
137 49
48 17 461 137
1000000000 1
12 7 74 12
1000000000 100000
1 1 0 2
110 53
7 7 1 64417
186 75
68 16 539 186
46 18
7 11 9 46
693840425 90561
2 6 7 999957328
714311129 39521
9 5 9 999998192
977365070 59489
8 5 9 999966210
254 99
1 8 9 74990
112 73
1 5 3 64100
640834505 28785
3 9 1 999946125
73 26
5 8 4 54214
82 81
58 56 739 82
45068754 29153
2 9 5 999904402
218492221 46085
3 7 1 999969453
1000000000 100000
999999999 1 999999999 1000000000
78 51
3 5 5 51230
840698758 13331
8 7 10 999955808
22 21
1 4 869 22
